       1      -9     170       0       1
       1      -9     170       1      10
       1      -9     170       2       2
       1      -9     170       3       2
       1      -9     170       4       0
       1     -12     170       0       0
       1     -12     170       1       8
       1     -12     170       2       3
       1     -12     170       3       1
       1     -12     170       4       3
       1     -15     170       0       0
       1     -15     170       1       3
       1     -15     170       2       2
       1     -15     170       3       4
       1     -15     170       4       6
       1     -18     170       0       0
       1     -18     170       1       1
       1     -18     170       2       1
       1     -18     170       3       4
       1     -18     170       4       9
       1      -9     120       0       1
       1      -9     120       1       9
       1      -9     120       2       4
       1      -9     120       3       1
       1      -9     120       4       0
       1     -12     120       0       0
       1     -12     120       1       7
       1     -12     120       2       7
       1     -12     120       3       1
       1     -12     120       4       0
       1     -15     120       0       0
       1     -15     120       1       1
       1     -15     120       2       5
       1     -15     120       3       6
       1     -15     120       4       3
       1     -18     120       0       0
       1     -18     120       1       0
       1     -18     120       2       4
       1     -18     120       3       5
       1     -18     120       4       6
       1      -9      70       0       4
       1      -9      70       1       6
       1      -9      70       2       3
       1      -9      70       3       2
       1      -9      70       4       0
       1     -12      70       0       1
       1     -12      70       1       6
       1     -12      70       2       6
       1     -12      70       3       2
       1     -12      70       4       0
       1     -15      70       0       0
       1     -15      70       1       3
       1     -15      70       2       6
       1     -15      70       3       4
       1     -15      70       4       2
       1     -18      70       0       0
       1     -18      70       1       1
       1     -18      70       2       0
       1     -18      70       3       5
       1     -18      70       4       9
       1      -9       0       0       2
       1      -9       0       1      11
       1      -9       0       2       2
       1      -9       0       3       0
       1      -9       0       4       0
       1     -12       0       0       1
       1     -12       0       1       6
       1     -12       0       2       6
       1     -12       0       3       2
       1     -12       0       4       0
       1     -15       0       0       2
       1     -15       0       1       4
       1     -15       0       2       4
       1     -15       0       3       3
       1     -15       0       4       2
       1     -18       0       0       0
       1     -18       0       1       4
       1     -18       0       2       3
       1     -18       0       3       5
       1     -18       0       4       3
       2     -15     170       0       3
       2     -15     170       1       8
       2     -15     170       2       4
       2     -15     170       3       1
       2     -15     170       4       3
       2     -19     170       0       0
       2     -19     170       1      10
       2     -19     170       2       5
       2     -19     170       3       0
       2     -19     170       4       4
       2     -23     170       0       0
       2     -23     170       1       1
       2     -23     170       2       8
       2     -23     170       3       4
       2     -23     170       4       6
       2     -27     170       0       0
       2     -27     170       1       0
       2     -27     170       2       2
       2     -27     170       3       3
       2     -27     170       4      14
       2     -15     120       0       6
       2     -15     120       1       6
       2     -15     120       2       8
       2     -15     120       3       0
       2     -15     120       4       0
       2     -19     120       0       1
       2     -19     120       1      12
       2     -19     120       2       7
       2     -19     120       3       0
       2     -19     120       4       0
       2     -23     120       0       0
       2     -23     120       1       0
       2     -23     120       2       7
       2     -23     120       3       7
       2     -23     120       4       6
       2     -27     120       0       0
       2     -27     120       1       0
       2     -27     120       2       1
       2     -27     120       3       2
       2     -27     120       4      17
       2     -15      70       0       9
       2     -15      70       1       4
       2     -15      70       2       5
       2     -15      70       3       2
       2     -15      70       4       0
       2     -19      70       0       2
       2     -19      70       1      10
       2     -19      70       2       6
       2     -19      70       3       0
       2     -19      70       4       2
       2     -23      70       0       0
       2     -23      70       1       3
       2     -23      70       2       5
       2     -23      70       3       4
       2     -23      70       4       8
       2     -27      70       0       0
       2     -27      70       1       0
       2     -27      70       2       0
       2     -27      70       3       3
       2     -27      70       4      17
       2     -15       0       0       5
       2     -15       0       1       6
       2     -15       0       2       3
       2     -15       0       3       1
       2     -15       0       4       2
       2     -19       0       0       6
       2     -19       0       1       5
       2     -19       0       2       3
       2     -19       0       3       1
       2     -19       0       4       2
       2     -23       0       0       0
       2     -23       0       1       4
       2     -23       0       2       2
       2     -23       0       3       1
       2     -23       0       4       3
       2     -27       0       0       0
       2     -27       0       1       1
       2     -27       0       2       0
       2     -27       0       3       5
       2     -27       0       4      11